First Fit:
Allocated blocks:
4;0;49
1;100;299
3;350;499
Free blocks:
50;99
300;349
500;999
Fragmentation:
0.166945
Errors
None

Best Fit:
Allocated blocks:
1;100;299
4;300;349
3;350;499
Free blocks:
0;99
500;999
Fragmentation:
0.166945
Errors
None

Worst Fit:
Allocated blocks:
1;100;299
3;350;499
4;500;549
Free blocks:
0;99
300;349
550;999
Fragmentation:
0.250417
Errors
None

First Fit:
Allocated blocks:
1;0;398
3;200;349
4;200;249
Free blocks:
200;999
200;999
200;999
Fragmentation:
0.666945
Errors
None

Best Fit:
Allocated blocks:
1;0;398
3;200;349
4;200;249
Free blocks:
200;999
200;999
200;999
Fragmentation:
0.666945
Errors
None

Worst Fit:
Allocated blocks:
1;0;398
3;200;349
4;200;249
Free blocks:
200;999
200;999
200;999
Fragmentation:
0.666945
Errors
None

First Fit:
Allocated blocks:
1;0;398
3;1;498
4;3;395
Free blocks:
7;598
15;597
31;31
31;31
31;31
63;63
63;63
63;63
95;95
95;95
95;95
127;127
127;127
127;127
159;159
159;159
159;159
191;191
191;191
191;191
223;223
223;223
223;223
255;255
255;255
255;255
287;287
287;287
287;287
319;319
319;319
319;319
351;351
351;351
351;351
383;383
383;383
383;383
403;403
403;403
403;403
411;411
411;411
411;411
419;419
419;419
419;419
427;427
427;427
427;427
435;435
435;435
435;435
443;443
443;443
443;443
451;451
451;451
451;451
459;459
459;459
459;459
467;467
467;467
467;467
475;475
475;475
475;475
483;483
483;483
483;483
491;491
491;491
491;491
499;499
499;499
499;499
503;503
503;503
503;503
507;507
507;507
507;507
511;511
511;511
511;511
515;515
515;515
515;515
519;519
519;519
519;519
523;523
523;523
523;523
527;527
527;527
527;527
531;531
531;531
531;531
535;535
535;535
535;535
539;539
539;539
539;539
543;543
543;543
543;543
547;547
547;547
547;547
551;551
551;551
551;551
555;555
555;555
555;555
559;559
559;559
559;559
563;563
563;563
563;563
567;567
567;567
567;567
571;571
571;571
571;571
575;575
575;575
575;575
579;579
579;579
579;579
583;583
583;583
583;583
587;587
587;587
587;587
591;591
591;591
591;591
595;595
595;595
595;595
599;999
599;999
599;999
Fragmentation:
0.733155
Errors
None

Best Fit:
Allocated blocks:
1;0;398
3;1;498
4;3;395
Free blocks:
7;598
15;597
31;31
31;31
31;31
63;63
63;63
63;63
95;95
95;95
95;95
127;127
127;127
127;127
159;159
159;159
159;159
191;191
191;191
191;191
223;223
223;223
223;223
255;255
255;255
255;255
287;287
287;287
287;287
319;319
319;319
319;319
351;351
351;351
351;351
383;383
383;383
383;383
403;403
403;403
403;403
411;411
411;411
411;411
419;419
419;419
419;419
427;427
427;427
427;427
435;435
435;435
435;435
443;443
443;443
443;443
451;451
451;451
451;451
459;459
459;459
459;459
467;467
467;467
467;467
475;475
475;475
475;475
483;483
483;483
483;483
491;491
491;491
491;491
499;499
499;499
499;499
503;503
503;503
503;503
507;507
507;507
507;507
511;511
511;511
511;511
515;515
515;515
515;515
519;519
519;519
519;519
523;523
523;523
523;523
527;527
527;527
527;527
531;531
531;531
531;531
535;535
535;535
535;535
539;539
539;539
539;539
543;543
543;543
543;543
547;547
547;547
547;547
551;551
551;551
551;551
555;555
555;555
555;555
559;559
559;559
559;559
563;563
563;563
563;563
567;567
567;567
567;567
571;571
571;571
571;571
575;575
575;575
575;575
579;579
579;579
579;579
583;583
583;583
583;583
587;587
587;587
587;587
591;591
591;591
591;591
595;595
595;595
595;595
599;999
599;999
599;999
Fragmentation:
0.733155
Errors
None

Worst Fit:
Allocated blocks:
1;0;398
3;1;498
4;3;395
Free blocks:
7;598
15;597
31;31
31;31
31;31
63;63
63;63
63;63
95;95
95;95
95;95
127;127
127;127
127;127
159;159
159;159
159;159
191;191
191;191
191;191
223;223
223;223
223;223
255;255
255;255
255;255
287;287
287;287
287;287
319;319
319;319
319;319
351;351
351;351
351;351
383;383
383;383
383;383
403;403
403;403
403;403
411;411
411;411
411;411
419;419
419;419
419;419
427;427
427;427
427;427
435;435
435;435
435;435
443;443
443;443
443;443
451;451
451;451
451;451
459;459
459;459
459;459
467;467
467;467
467;467
475;475
475;475
475;475
483;483
483;483
483;483
491;491
491;491
491;491
499;499
499;499
499;499
503;503
503;503
503;503
507;507
507;507
507;507
511;511
511;511
511;511
515;515
515;515
515;515
519;519
519;519
519;519
523;523
523;523
523;523
527;527
527;527
527;527
531;531
531;531
531;531
535;535
535;535
535;535
539;539
539;539
539;539
543;543
543;543
543;543
547;547
547;547
547;547
551;551
551;551
551;551
555;555
555;555
555;555
559;559
559;559
559;559
563;563
563;563
563;563
567;567
567;567
567;567
571;571
571;571
571;571
575;575
575;575
575;575
579;579
579;579
579;579
583;583
583;583
583;583
587;587
587;587
587;587
591;591
591;591
591;591
595;595
595;595
595;595
599;999
599;999
599;999
Fragmentation:
0.733155
Errors
None

First Fit:
Allocated blocks:
4;0;49
1;100;299
3;350;499
Free blocks:
50;99
300;349
500;999
Fragmentation:
0.166945
Errors
None

Best Fit:
Allocated blocks:
1;100;299
4;300;349
3;350;499
Free blocks:
0;99
500;999
Fragmentation:
0.166945
Errors
None

Worst Fit:
Allocated blocks:
1;100;299
3;350;499
4;500;549
Free blocks:
0;99
300;349
550;999
Fragmentation:
0.250417
Errors
None

First Fit:
Allocated blocks:
4;0;49
1;100;299
3;350;499
Free blocks:
50;99
300;349
500;999
Fragmentation:
0.166945
Errors
None

Best Fit:
Allocated blocks:
1;100;299
4;300;349
3;350;499
Free blocks:
0;99
500;999
Fragmentation:
0.166945
Errors
None

Worst Fit:
Allocated blocks:
1;100;299
3;350;499
4;500;549
Free blocks:
0;99
300;349
550;999
Fragmentation:
0.250417
Errors
None

First Fit:
Allocated blocks:
4;0;49
1;100;299
3;350;499
Free blocks:
50;99
300;349
500;999
Fragmentation:
0.166945
Errors
None

Best Fit:
Allocated blocks:
1;100;299
4;300;349
3;350;499
Free blocks:
0;99
500;999
Fragmentation:
0.166945
Errors
None

Worst Fit:
Allocated blocks:
1;100;299
3;350;499
4;500;549
Free blocks:
0;99
300;349
550;999
Fragmentation:
0.250417
Errors
None

First Fit:
Allocated blocks:
4;0;49
1;100;299
3;350;499
Free blocks:
50;99
300;349
500;999
Fragmentation:
0.166945
Errors
None

Best Fit:
Allocated blocks:
1;100;299
4;300;349
3;350;499
Free blocks:
0;99
500;999
Fragmentation:
0.166945
Errors
None

Worst Fit:
Allocated blocks:
1;100;299
3;350;499
4;500;549
Free blocks:
0;99
300;349
550;999
Fragmentation:
0.250417
Errors
None

First Fit:
Allocated blocks:
4;0;49
1;100;299
3;350;499
Free blocks:
50;99
300;349
500;999
Fragmentation:
0.166945
Errors
None

Best Fit:
Allocated blocks:
1;100;299
4;300;349
3;350;499
Free blocks:
0;99
500;999
Fragmentation:
0.166945
Errors
None

Worst Fit:
Allocated blocks:
1;100;299
3;350;499
4;500;549
Free blocks:
0;99
300;349
550;999
Fragmentation:
0.250417
Errors
None

First Fit:
Allocated blocks:
1;0;199
3;200;349
4;350;399
Free blocks:
400;499
500;549
550;999
550;999
Fragmentation:
0.571973
Errors
None

First Fit:
Allocated blocks:
1;0;199
3;200;349
4;350;399
Free blocks:
400;999
Fragmentation:
0.0
Errors
None

Best Fit:
Allocated blocks:
1;0;199
3;200;349
4;350;399
Free blocks:
400;999
Fragmentation:
0.0
Errors
None

Worst Fit:
Allocated blocks:
1;0;199
3;200;349
4;350;399
Free blocks:
400;999
Fragmentation:
0.0
Errors
None

First Fit:
Allocated blocks:
1;0;199
3;200;349
4;350;399
Free blocks:
400;999
Fragmentation:
0.0
Errors
None

Best Fit:
Allocated blocks:
1;0;199
3;200;349
4;350;399
Free blocks:
400;999
Fragmentation:
0.0
Errors
None

Worst Fit:
Allocated blocks:
1;0;199
3;200;349
4;350;399
Free blocks:
400;999
Fragmentation:
0.0
Errors
None

First Fit:
Allocated blocks:
4;0;49
1;100;299
3;350;499
Free blocks:
50;99
300;349
500;999
Fragmentation:
0.166945
Errors
None

Best Fit:
Allocated blocks:
1;100;299
4;300;349
3;350;499
Free blocks:
0;99
500;999
Fragmentation:
0.166945
Errors
None

Worst Fit:
Allocated blocks:
1;100;299
3;350;499
4;500;549
Free blocks:
0;99
300;349
550;999
Fragmentation:
0.250417
Errors
None

First Fit:
Allocated blocks:
4;0;49
1;100;299
3;350;499
Free blocks:
50;99
300;349
500;999
Fragmentation:
0.166945
Errors
None

Best Fit:
Allocated blocks:
1;100;299
4;300;349
3;350;499
Free blocks:
0;99
500;999
Fragmentation:
0.166945
Errors
None

Worst Fit:
Allocated blocks:
1;100;299
3;350;499
4;500;549
Free blocks:
0;99
300;349
550;999
Fragmentation:
0.250417
Errors
None

First Fit:
Allocated blocks:
1;0;199
3;200;349
4;350;399
Free blocks:
400;999
Fragmentation:
0.0
Errors
None

Best Fit:
Allocated blocks:
1;0;199
3;200;349
4;350;399
Free blocks:
400;999
Fragmentation:
0.0
Errors
None

Worst Fit:
Allocated blocks:
1;0;199
3;200;349
4;350;399
Free blocks:
400;999
Fragmentation:
0.0
Errors
None

First Fit:
Allocated blocks:
1;0;199
3;200;349
4;350;399
Free blocks:
400;999
Fragmentation:
0.0
Errors
None

First Fit:
Allocated blocks:
1;0;199
3;200;349
4;350;399
Free blocks:
400;999
Fragmentation:
0.0
Errors
None

Best Fit:
Allocated blocks:
1;0;199
3;200;349
4;350;399
Free blocks:
400;999
Fragmentation:
0.0
Errors
None

Worst Fit:
Allocated blocks:
1;0;199
3;200;349
4;350;399
Free blocks:
400;999
Fragmentation:
0.0
Errors
None

First Fit:
Allocated blocks:
1;0;199
3;200;349
4;350;399
Free blocks:
400;999
Fragmentation:
0.0
Errors
None

Best Fit:
Allocated blocks:
1;0;199
3;200;349
4;350;399
Free blocks:
400;999
Fragmentation:
0.0
Errors
None

Worst Fit:
Allocated blocks:
1;0;199
3;200;349
4;350;399
Free blocks:
400;999
Fragmentation:
0.0
Errors
None

